# n=80 m=201 name=er_n80_avg_deg5_seed42
0 6
0 7
0 71
0 75
1 6
1 10
1 22
1 33
1 40
1 66
1 72
2 37
2 48
2 73
2 74
2 78
3 36
3 66
3 68
3 72
4 7
4 44
4 53
4 61
4 64
4 71
5 15
5 23
5 32
5 58
5 70
6 15
6 16
6 29
6 39
6 42
6 74
6 76
7 16
7 37
7 48
8 14
8 18
8 19
8 23
8 44
8 57
8 65
8 67
8 72
8 74
9 11
9 39
9 44
10 14
10 15
10 25
11 16
11 46
11 62
12 17
12 18
12 52
13 28
13 35
13 38
13 67
14 27
14 34
14 35
15 20
15 31
15 44
15 73
15 78
16 20
16 33
16 78
17 25
17 46
17 70
17 74
18 29
18 35
19 25
19 36
19 42
19 70
20 22
20 44
20 48
20 57
20 61
21 25
23 31
23 70
24 35
24 43
24 44
24 45
24 68
25 26
25 48
25 56
25 57
25 66
25 72
25 73
26 35
26 36
26 49
26 56
26 60
26 74
27 59
28 34
28 68
29 38
29 39
29 72
30 70
31 35
31 41
31 51
32 39
32 59
32 64
32 72
33 35
34 36
34 46
34 47
34 49
34 63
34 68
35 61
35 62
36 54
36 74
37 42
37 52
37 76
38 49
38 61
38 64
39 48
39 64
39 77
41 57
41 71
42 46
42 51
42 76
43 57
43 59
44 47
44 51
44 70
45 51
45 67
46 52
46 56
46 76
47 51
47 59
47 62
48 52
48 54
48 62
48 66
48 69
48 70
48 77
49 55
49 73
49 79
50 71
51 66
52 57
52 70
53 58
53 65
54 62
54 67
54 70
55 62
55 65
56 74
56 76
58 60
58 67
60 61
61 66
64 75
65 69
65 76
66 75
70 76
74 75
75 76
77 79
